Time: 0
Before:
5 3 4 0
4 2 0 0
3 4 0 0




After:
4 3 4 0
4 2 0 0
3 4 0 0
1 
0
0

Time: 1
Before:
4 3 4 0
4 2 0 0
3 4 0 0
1
0
0

After:
3 3 4 0
4 2 0 0
3 4 0 0
1 1
0 0
0 0

Time: 2
Before:
3 3 4 0 
4 2 0 0
3 4 0 0
1 1
0 0
0 0

After:
2 3 4 0
4 2 0 0
3 4 0 0
1 1 1
0 0 0
0 0 0

Time: 3
Before:
2 3 4 0
4 2 0 0 
3 4 0 0
1 1 1
0 0 0
0 0 0

After:
1 3 4 0
4 2 0 0
3 4 0 0
1 1 1 1
0 0 0 0 
0 0 0 0

Time: 4
Before:
1 3 4 0
4 2 0 0
3 4 0 0
1 1 1 1
0 0 0 0
0 0 0 0

After:
0 3 4 0 
4 2 0 0
3 4 0 0
1 1 1 1 1
0 0 0 0 0
0 0 0 0 0

Time: 5
Before:
0 3 4 0
4 2 0 0
3 4 0 0
1 1 1 1 1
0 0 0 0 0
0 0 0 0 0

Time: 5
Before:
0 3 4 0
4 2 0 0 
3 4 0 0
1 1 1 1 1
0 0 0 0 0
0 0 0 0 0

After:
0 2 4 0
3 2 0 0
3 4 0 0
1 1 1 1 1 2
0 0 0 0 0 1
0 0 0 0 0 0

Time: 6
Before:
0 2 4 0
3 2 0 0
3 4 0 0
1 1 1 1 1 2
0 0 0 0 0 1
0 0 0 0 0 0

After:
0 1 4 0
2 2 0 0 
3 4 0 0
1 1 1 1 1 2 2
0 0 0 0 0 1 1
0 0 0 0 0 0 0

Time: 7
Before:
0 1 4 0
2 2 0 0
3 4 0 0 
1 1 1 1 1 2 2
0 0 0 0 0 1 1
0 0 0 0 0 0 0

After:
0 0 4 0
1 2 0 0
3 4 0 0
1 1 1 1 1 2 2 2
0 0 0 0 0 1 1 1
0 0 0 0 0 0 0 0

Time: 8
Before: 
0 0 4 0
1 2 0 0
3 4 0 0
1 1 1 1 1 2 2 2
0 0 0 0 0 1 1 1
0 0 0 0 0 0 0 0

Time: 8
Before:
0 0 4 0
0 2 0 0
3 4 0 0
1 1 1 1 1 2 2 2 2
0 0 0 0 0 1 1 1
0 0 0 0 0 0 0 0

Time: 8
Before:
0 0 4 0
0 2 0 0
3 4 0 0 
1 1 1 1 1 2 2 2 2
0 0 0 0 0 1 1 1
0 0 0 0 0 0 0 0

After:
0 0 4 0
0 1 0 0
2 4 0 0
1 1 1 1 1 2 2 2 2 3
0 0 0 0 0 1 1 1 0
0 0 0 0 0 0 0 0 2

Time: 9
Before:
0 0 4 0
0 1 0 0
2 4 0 0 
1 1 1 1 1 2 2 2 2 3
0 0 0 0 0 1 1 1 0
0 0 0 0 0 0 0 0 2

After:
0 0 4 0 
0 0 0 0
1 4 0 0
1 1 1 1 1 2 2 2 2 3 3
0 0 0 0 0 1 1 1 0 0
0 0 0 0 0 0 0 0 2 2 

Time: 10
Before:
0 0 4 0
0 0 0 0
1 4 0 0
1 1 1 1 1 2 2 2 2 3 3
0 0 0 0 0 1 1 1 0 0 
0 0 0 0 0 0 0 0 2 2

After:
0 0 4 0
0 0 0 0
0 4 0 0
1 1 1 1 1 2 2 2 2 3 3 3
0 0 0 0 0 1 1 1 0 0 0
0 0 0 0 0 0 0 0 2 2

Time: 11
Before:
0 0 4 0
0 0 0 0
0 4 0 0
1 1 1 1 1 2 2 2 2 3 3 3
0 0 0 0 0 1 1 1 0 0 0
0 0 0 0 0 0 0 0 2 2 

Time: 11
Before:
0 0 4 0
0 0 0 0
0 4 0 0
1 1 1 1 1 2 2 2 2 3 3 3
0 0 0 0 0 1 1 1 0 0 0
0 0 0 0 0 0 0 0 2 2 

After:
0 0 3 0
0 0 0 0
0 3 0 0
1 1 1 1 1 2 2 2 2 3 3 3 1
0 0 0 0 0 1 1 1 0 0 0 0
0 0 0 0 0 0 0 0 2 2 3

Time: 12
Before:
0 0 3 0
0 0 0 0
0 3 0 0 
1 1 1 1 1 2 2 2 2 3 3 3 1
0 0 0 0 0 1 1 1 0 0 0 0
0 0 0 0 0 0 0 0 2 2 3

After:
0 0 2 0
0 0 0 0
0 2 0 0
1 1 1 1 1 2 2 2 2 3 3 3 1 1
0 0 0 0 0 1 1 1 0 0 0 0 0
0 0 0 0 0 0 0 0 2 2 3 3

Time: 13
Before:
0 0 2 0
0 0 0 0
0 2 0 0
1 1 1 1 1 2 2 2 2 3 3 3 1 1 
0 0 0 0 0 1 1 1 0 0 0 0 0 
0 0 0 0 0 0 0 0 2 2 3 3

After:
0 0 1 0
0 0 0 0
0 1 0 0
1 1 1 1 1 2 2 2 2 3 3 3 1 1 1 
0 0 0 0 0 1 1 1 0 0 0 0 0 0
0 0 0 0 0 0 0 0 2 2 3 3 3

Time: 14
Before:
0 0 1 0
0 0 0 0
0 1 0 0
1 1 1 1 1 2 2 2 2 3 3 3 1 1 1
0 0 0 0 0 1 1 1 0 0 0 0 0 0
0 0 0 0 0 0 0 0 2 2 3 3 3

After:
0 0 0 0
0 0 0 0
0 0 0 0
1 1 1 1 1 2 2 2 2 3 3 3 1 1 1 1
0 0 0 0 0 1 1 1 0 0 0 0 0 0 0
0 0 0 0 0 0 0 0 2 2 3 3 3 3